ticket_id
predicted_value
probability_of_value_TE
probability_of_value_WINDOWS
probability_of_value_SUPPORT QUICK-EDD
probability_of_value_SAUVEGARDE
probability_of_value_RESEAUX
probability_of_value_NETAPP
probability_of_value_BT_TOOLS
probability_of_value_COBICOM
probability_of_value_DBA
probability_of_value_PROD APPLICATIVE
probability_of_value_SDM
probability_of_value_MANAGEMENT
probability_of_value_OPENINFO
93430
0
0.5197233746071976
0.1236370922485647
0.08034007908575858
0.002710206930042705
0.007242509232091347
7.642598325964795e-05
0.0015344260336476213
0.00013351242686962948
0.000738129858251905
0.12694149698048235
0.13653002900582206
0.0003903494961047807
2.3681119071092083e-06
93431
2
0.23753292923474797
0.09804197374295316
0.5697720140827321
0.007422424026515377
0.002228778395177491
0.0013604660956442103
0.006477997247876175
4.290378618957457e-05
0.00024897650201806946
0.0010503846054984822
0.075749502914225
5.478950844548665e-06
6.617041557789784e-05
93432
0
0.9900955006027652
0.0015704258509233343
9.486133593700967e-08
0.0001127813917154345
4.0495093289620786e-06
9.147220471601874e-09
0.0035252194077897395
3.083687916313586e-08
0.0002700632427308851
0.000933816259181263
0.003414759834024375
4.5180022892620455e-05
2.8069033212782173e-05
